(928, 839) 0.03901012672979492
(394, 686) 0.040021676995293534
(680, 498) 0.03881726880717218
(401, 715) 0.039422700191152654
(370, 312) 0.05470659825304335
(122, 932) 0.03851404030428366
(804, 188) 0.04091580040256613
(65, 284) 0.03848238277816357
(375, 470) 0.03836621401600799
(389, 528) 0.03844219207869621
(743, 759) 0.03843302985731372
(575, 63) 0.038994701377974846
(534, 806) 0.0379209710816909
(286, 465) 0.03819799836641695
(7, 682) 0.037213729640706496
(565, 248) 0.03871087763947701
(195, 88) 0.03780247757679647
(317, 868) 0.038485363918852204
(38, 124) 0.03850728487538374
(346, 439) 0.03805015840318399
(281, 307) 0.039007118239191715
(656, 625) 0.03828286515134192
(607, 422) 0.03923724042042234
(218, 46) 0.039311468088577786
(793, 918) 0.03838999476673059
(675, 751) 0.03806470855773767
(839, 744) 0.0388832368011261
(524, 400) 0.04067498440473684
(243, 746) 0.03815935293712305
(386, 652) 0.03790735082423275
(168, 298) 0.03818048074613192
(954, 689) 0.03948363580082485
(157, 682) 0.03992625314334278
(586, 400) 0.03866777417410745
(305, 746) 0.037654254714759465
(417, 249) 0.03845067055221433
(199, 856) 0.038535072388591524
(25, 678) 0.03930099307129572
(56, 244) 0.03951908129011352
(87, 771) 0.03883273518386411
(118, 337) 0.03779691186918054
(149, 864) 0.03914977539361279
(180, 430) 0.0388492135073953
(211, 957) 0.03904699441464147
(242, 523) 0.037280860006029835
(273, 89) 0.039133132970594155
(304, 616) 0.03970983326931402
(335, 182) 0.03717063985029422
(366, 709) 0.03796315832492221
(397, 275) 0.038198586389580305
(428, 802) 0.04089575291518295
(459, 368) 0.03763274400694655
(490, 895) 0.03840960465548058
(521, 461) 0.03950669177881123
(552, 27) 0.038752887108263585
(583, 554) 0.03960573949444312
(614, 120) 0.0378120363719403
(645, 647) 0.039097222532757714
(676, 213) 0.04031102541653544
(707, 740) 0.03753499541225695
(738, 306) 0.038879489862829374
(769, 833) 0.04061331034737113
(800, 399) 0.03894816549832618
(831, 926) 0.03859395675467062
(862, 492) 0.03888020096060831
(893, 58) 0.03941928145183083
(924, 585) 0.03825275289539529
(955, 151) 0.03892655906581225
(26, 261) 0.03726621412677514
(57, 788) 0.03799164326095165
(88, 354) 0.03784333834917092
(119, 881) 0.03755244465775554
(150, 447) 0.038647166013475495
(181, 13) 0.037448145758525335
(212, 540) 0.03756334359871352
(243, 106) 0.042281450012061995
(274, 633) 0.03919762406916104
(305, 199) 0.037560868431444516
(336, 726) 0.038405830367269286
(367, 292) 0.03752926560515358
(398, 819) 0.03824945723068905
(429, 385) 0.03780863130757576
(460, 912) 0.03858897907021805
(491, 478) 0.038047792635573285
(522, 44) 0.03691720186688876
(553, 571) 0.03764842918295508
(584, 137) 0.04008254423017929
(615, 664) 0.03863770294303268
(646, 230) 0.03813979774820222
(677, 757) 0.03902832809794431
(708, 323) 0.038284574521002826
(739, 850) 0.039253294820277625
(770, 416) 0.039267352676368966
(801, 943) 0.03720589389018088
(832, 509) 0.03721054337565856
(863, 75) 0.03892128053229935
(894, 602) 0.04045513211642897
(925, 168) 0.03890841239749201
(956, 695) 0.03709213192050786
(439, 59) 0.0384177686049811
(60, 498) 0.0398102895055465
(318, 544) 0.037562359001788836
(96, 862) 0.03832562674277929
(901, 687) 0.03830134001863705
(379, 214) 0.03829362734272702
(64, 873) 0.038511496762228224
(865, 323) 0.03985854842981337
(222, 335) 0.03915607954892224
(834, 757) 0.04120360355363457
(6, 944) 0.03906478553407224
(37, 510) 0.03891419690442453
(68, 76) 0.03771368607913006
(99, 603) 0.038580432221913485
(130, 169) 0.0389099303177509
(161, 696) 0.04027936789041535
(192, 262) 0.040212305899878446
(223, 789) 0.03793392126624197
(254, 355) 0.03869264892141304
(285, 882) 0.03995622864971653
(316, 448) 0.038300054572652044
(347, 14) 0.03750406265887309
(378, 541) 0.03906979056843939
(409, 107) 0.0380485310832668
(440, 634) 0.038679548312331814
(471, 200) 0.03819829921547727
(502, 727) 0.03893004617992051
(533, 293) 0.039695707038436244
(564, 820) 0.03942931887047971
(595, 386) 0.03890972519339159
(626, 913) 0.03876519456982215
(657, 479) 0.03986315689041919
(688, 45) 0.03814199941632547
(719, 572) 0.0378881375092441
(750, 138) 0.038275685798766085
(781, 665) 0.04036397485115185
(812, 231) 0.039317539769613344
(843, 758) 0.039670203243095434
(874, 324) 0.03894693475217032
(905, 851) 0.03927964646297025
(936, 417) 0.03898914934531621
(1, 146) 0.040818598806168026
(32, 673) 0.03824687266376175
(63, 239) 0.0382524110214631
(94, 766) 0.03891027219168308
(125, 332) 0.03817470991415669
(156, 859) 0.03884184270541745
(187, 425) 0.039254416166775184
(218, 952) 0.038442616002372115
(249, 518) 0.03963732864577677
(280, 84) 0.038491722773990794
(311, 611) 0.039090932052405554
(342, 177) 0.039914465330161124
(373, 704) 0.03744308602432903
(404, 270) 0.03964837801126491
(435, 797) 0.038832461684718364
(466, 363) 0.03802027862151125
(497, 890) 0.03804094148197235
(528, 456) 0.038634120104223416
(559, 22) 0.0386888199333726
(590, 549) 0.038800831508512844
(621, 115) 0.03998764002660545
(652, 642) 0.03877334484436538
(683, 208) 0.03978370538858
(714, 735) 0.03904852600985765
(745, 301) 0.043112272042051696
(776, 828) 0.04319899862116773
(807, 394) 0.04170526936171905
(838, 921) 0.03871938346290971
(869, 487) 0.04022650050554266
(900, 53) 0.03815164026121302
(931, 580) 0.03935373738155282
(98, 59) 0.03940083393445027
(349, 141) 0.039416573810287944
(127, 459) 0.0387903291413162
(5, 555) 0.03688845710667086
(36, 121) 0.03916127603269141
(67, 648) 0.036685137841723336
(98, 214) 0.03853886035176011
(129, 741) 0.038709127244944234
(160, 307) 0.03762780734736584
(191, 834) 0.038594202903901795
(222, 400) 0.0380472456372818
(253, 927) 0.038238654014432084
(284, 493) 0.03772710121222889
(315, 59) 0.03785031257738744
(346, 586) 0.03713824387648062
(377, 152) 0.03825632205924727
(408, 679) 0.038348737420594824
(439, 245) 0.03858534153157963
(470, 772) 0.03885233139765681
(501, 338) 0.03781012187792007
(532, 865) 0.038869370394436775
(563, 431) 0.038179810673224845
(594, 958) 0.03869408479192821
(625, 524) 0.03816526051867116
(656, 90) 0.038118724639022494
(687, 617) 0.038386083728946425
(718, 183) 0.03881513551383536
(749, 710) 0.03778882996942375
(780, 276) 0.03967704072173908
(811, 803) 0.03961510684018492
(842, 369) 0.03758964054157699
(873, 896) 0.03813395854144054
(904, 462) 0.038901629618677505
(935, 28) 0.0384290641197004
(30, 701) 0.03754460890722992
(61, 267) 0.03802067519527258
(92, 794) 0.03903524762633168
(123, 360) 0.03805026780284229
(154, 887) 0.037872137809217964
(185, 453) 0.042559694367986615
(216, 19) 0.03822549870552171
(247, 546) 0.040007304615184584
(278, 112) 0.03781917469964426
(309, 639) 0.038064325658933626
(340, 205) 0.03927629609843486
(371, 732) 0.0379293675054653
(402, 298) 0.038403738098804326
(433, 825) 0.03794468345762707
(464, 391) 0.03865035227852343
(495, 918) 0.03813484741366422
(526, 484) 0.03783600857206493
(557, 50) 0.03893853832839592
(588, 577) 0.03830877919540134
(619, 143) 0.038791628262258494
(650, 670) 0.03881317999494328
(681, 236) 0.038002596901738774
(712, 763) 0.03972823976182272
(743, 329) 0.03800008070959791
(774, 856) 0.039211859699697114
(805, 422) 0.03800706861277172
(836, 949) 0.037461711316154334
(867, 515) 0.039029175945296125
(898, 81) 0.03775075888833592
(929, 608) 0.038520139335233794
(960, 174) 0.037700216246202074
(897, 498) 0.039550834540934623
(504, 48) 0.03781788925365926
(282, 366) 0.03958565098218808
(494, 498) 0.03933441466690587
(39, 327) 0.03773236607078451
(592, 180) 0.040090325280875756
(646, 625) 0.038838273541565466
(179, 591) 0.037594331051926534
(770, 811) 0.03806706065039109
(922, 357) 0.03843230508457749
(553, 5) 0.04060490024863944
(891, 791) 0.037807181762103306
(935, 59) 0.03981462446700657
(153, 498) 0.03939273835973619
(70, 885) 0.03984264445448824
(623, 738) 0.03872519531975681
(191, 59) 0.03847669399593206
(370, 498) 0.0477790016408718
(225, 792) 0.038614017917011086
(778, 645) 0.03875774171810058
(431, 780) 0.03814895996958471
(801, 625) 0.038596691746128085
(530, 865) 0.03838899649484862
(370, 958) 0.04216232745913236
(902, 865) 0.03878029172266732
(160, 560) 0.03807488272595942
(591, 808) 0.04279071909639821
(532, 560) 0.03926352368832852
(121, 5) 0.040317972294837384
(491, 811) 0.038415307112669383


