                                             FREQUENCIES (in %)


                                             unigrams with spaces
 : 16.1885
а: 6.4936
б: 1.1414
в: 3.5540
г: 1.3317
д: 2.0540
е: 7.1613
ж: 0.9989
з: 1.6008
и: 5.6843
й: 1.3759
к: 2.8502
л: 3.0241
м: 2.2567
н: 5.7527
о: 8.3910
п: 2.6511
р: 4.3678
с: 5.0040
т: 5.1068
у: 2.1854
ф: 0.1689
х: 0.6463
ц: 0.4124
ч: 1.5956
ш: 0.7989
щ: 0.5383
ы: 1.6085
ь: 2.2499
э: 0.0844
ю: 0.5649
я: 2.1578


                                             unigrams no spaces
а: 7.7478
б: 1.3619
в: 4.2405
г: 1.5889
д: 2.4507
е: 8.5445
ж: 1.1919
з: 1.9100
и: 6.7822
й: 1.6416
к: 3.4007
л: 3.6083
м: 2.6926
н: 6.8638
о: 10.0117
п: 3.1632
р: 5.2114
с: 5.9706
т: 6.0933
у: 2.6075
ф: 0.2015
х: 0.7712
ц: 0.4921
ч: 1.9038
ш: 0.9532
щ: 0.6423
ы: 1.9192
ь: 2.6844
э: 0.1006
ю: 0.6740
я: 2.5746


                                             bigrams with spaces, intersection yes
             а      б      в      г      д      е      ж      з      и      й      к      л      м      н      о      п      р      с      т      у      ф      х      ц      ч      ш      щ      ы      ь      э      ю      я   
   0.0000 0.8253 0.3484 1.1464 0.2726 0.5471 0.1949 0.3921 0.5430 0.8977 0.0038 0.9558 0.3068 0.5899 1.3611 1.1544 1.7797 0.7361 1.8044 0.5405 0.4467 0.0861 0.1075 0.0647 0.6220 0.1072 0.0155 0.0558 0.0086 0.0683 0.0123 0.1938 
а  1.2000 0.0007 0.0953 0.2345 0.0687 0.1541 0.1846 0.0853 0.3922 0.0177 0.0417 0.2823 0.2904 0.1980 0.4876 0.0026 0.1037 0.3293 0.3516 0.7019 0.0154 0.0171 0.0893 0.0376 0.2756 0.0455 0.0399 0.0001 0.0000 0.0018 0.1953 0.5538 
б  0.0420 0.0760 0.0006 0.0089 0.0007 0.0036 0.1607 0.0032 0.0012 0.0780 0.0007 0.0123 0.0872 0.0087 0.0388 0.2314 0.0007 0.1392 0.0174 0.0022 0.0550 0.0001 0.0046 0.0013 0.0021 0.0022 0.0318 0.0902 0.0162 0.0000 0.0020 0.0224 
в  0.8351 0.5166 0.0017 0.0095 0.0010 0.0110 0.4373 0.0005 0.0298 0.2416 0.0001 0.0424 0.1087 0.0120 0.1176 0.5924 0.0127 0.0584 0.0901 0.0202 0.0674 0.0000 0.0034 0.0034 0.0049 0.0287 0.0037 0.2535 0.0153 0.0001 0.0004 0.0346 
г  0.2120 0.1178 0.0002 0.0030 0.0011 0.0170 0.0246 0.0001 0.0002 0.0819 0.0002 0.0142 0.0802 0.0018 0.0319 0.5749 0.0002 0.1178 0.0013 0.0009 0.0436 0.0000 0.0000 0.0001 0.0023 0.0037 0.0000 0.0001 0.0004 0.0001 0.0000 0.0001 
д  0.1487 0.2497 0.0031 0.0646 0.0034 0.0046 0.3948 0.0041 0.0030 0.1853 0.0003 0.0410 0.0955 0.0151 0.1545 0.2906 0.0111 0.0886 0.0515 0.0076 0.1068 0.0001 0.0024 0.0079 0.0086 0.0074 0.0000 0.0508 0.0215 0.0021 0.0011 0.0281 
е  1.6029 0.0106 0.0995 0.1520 0.1741 0.2925 0.0875 0.0823 0.1339 0.0159 0.1455 0.1630 0.4933 0.3499 1.0344 0.0507 0.0905 0.6008 0.5838 0.3886 0.0137 0.0073 0.0470 0.0960 0.1243 0.2416 0.0366 0.0000 0.0000 0.0003 0.0219 0.0210 
ж  0.2140 0.0848 0.0047 0.0005 0.0017 0.0676 0.2994 0.0020 0.0000 0.1463 0.0001 0.0141 0.0016 0.0011 0.1145 0.0067 0.0002 0.0006 0.0026 0.0000 0.0304 0.0000 0.0000 0.0002 0.0020 0.0001 0.0000 0.0000 0.0039 0.0000 0.0000 0.0000 
з  0.1086 0.3297 0.0182 0.1030 0.1751 0.0784 0.0451 0.0064 0.0023 0.0501 0.0001 0.0253 0.0362 0.0532 0.3185 0.0765 0.0001 0.0350 0.0019 0.0034 0.0433 0.0000 0.0001 0.0015 0.0018 0.0022 0.0000 0.0529 0.0122 0.0002 0.0007 0.0188 
и  1.2669 0.0416 0.0317 0.2357 0.0628 0.0901 0.3770 0.0631 0.2365 0.1100 0.3190 0.1773 0.3779 0.1833 0.2849 0.0439 0.0298 0.1201 0.2710 0.5749 0.0032 0.0115 0.1003 0.0988 0.1653 0.1045 0.0224 0.0007 0.0001 0.0005 0.0338 0.2459 
й  1.1561 0.0000 0.0011 0.0002 0.0005 0.0058 0.0009 0.0001 0.0006 0.0001 0.0001 0.0132 0.0016 0.0039 0.0346 0.0025 0.0005 0.0007 0.1167 0.0199 0.0001 0.0005 0.0002 0.0064 0.0035 0.0053 0.0005 0.0000 0.0000 0.0000 0.0000 0.0003 
к  0.4917 0.5751 0.0011 0.0189 0.0003 0.0003 0.0768 0.0499 0.0029 0.3174 0.0003 0.0023 0.0836 0.0009 0.0622 0.7168 0.0001 0.1717 0.0206 0.0825 0.1573 0.0000 0.0003 0.0109 0.0004 0.0053 0.0000 0.0001 0.0001 0.0000 0.0003 0.0001 
л  0.3395 0.3242 0.0048 0.0016 0.0098 0.0035 0.4527 0.0093 0.0034 0.4486 0.0004 0.0407 0.0220 0.0019 0.0464 0.4534 0.0029 0.0003 0.0237 0.0094 0.1005 0.0004 0.0004 0.0001 0.0056 0.0006 0.0010 0.0540 0.4172 0.0000 0.0826 0.1629 
м  0.8014 0.2210 0.0074 0.0025 0.0009 0.0001 0.3556 0.0000 0.0004 0.2047 0.0002 0.0129 0.0266 0.0125 0.0967 0.2043 0.0161 0.0032 0.0108 0.0006 0.1440 0.0013 0.0002 0.0013 0.0030 0.0005 0.0010 0.0770 0.0084 0.0002 0.0000 0.0420 
н  0.5723 1.0055 0.0006 0.0042 0.0107 0.0293 0.7164 0.0029 0.0034 0.9275 0.0006 0.0547 0.0007 0.0001 0.3984 0.8293 0.0004 0.0039 0.0604 0.0818 0.1563 0.0058 0.0009 0.0308 0.0155 0.0009 0.0061 0.6466 0.0896 0.0007 0.0134 0.0829 
о  1.4217 0.0037 0.3865 0.9365 0.3853 0.4703 0.5333 0.1469 0.1258 0.0735 0.3020 0.2296 0.4661 0.3968 0.2417 0.0406 0.1650 0.4697 0.6751 0.5065 0.0098 0.0228 0.0513 0.0164 0.1486 0.0654 0.0239 0.0000 0.0001 0.0042 0.0180 0.0538 
п  0.1282 0.1490 0.0002 0.0003 0.0002 0.0000 0.3547 0.0000 0.0000 0.1122 0.0001 0.0146 0.1248 0.0000 0.0242 0.7523 0.0134 0.8313 0.0052 0.0153 0.0689 0.0002 0.0000 0.0009 0.0049 0.0017 0.0005 0.0240 0.0086 0.0002 0.0005 0.0146 
р  0.3472 0.9206 0.0097 0.0352 0.0381 0.0254 0.7325 0.0306 0.0061 0.5560 0.0004 0.0382 0.0092 0.0445 0.0977 0.7344 0.0106 0.0087 0.0518 0.0740 0.2694 0.0030 0.0245 0.0053 0.0116 0.0242 0.0032 0.1258 0.0222 0.0004 0.0174 0.0899 
с  0.2584 0.1114 0.0099 0.1008 0.0047 0.0230 0.1904 0.0028 0.0004 0.1331 0.0002 0.3737 0.2037 0.1323 0.0944 0.5982 0.2210 0.1226 0.0807 1.3627 0.2178 0.0048 0.0196 0.0084 0.0228 0.0124 0.0006 0.0379 0.1623 0.0004 0.0048 0.4878 
т  0.4014 0.4969 0.0049 0.3035 0.0028 0.0180 0.4410 0.0007 0.0013 0.4190 0.0004 0.0806 0.0358 0.0075 0.1681 0.8068 0.0089 0.3457 0.1098 0.0067 0.1148 0.0011 0.0025 0.0030 0.0091 0.0021 0.0015 0.1203 1.1375 0.0034 0.0072 0.0445 
у  0.4111 0.0066 0.0628 0.0369 0.0815 0.1357 0.0419 0.0831 0.0360 0.0022 0.0052 0.0821 0.0662 0.0824 0.0361 0.0008 0.1477 0.0804 0.1912 0.1554 0.0004 0.0024 0.0390 0.0010 0.1006 0.0536 0.1602 0.0000 0.0000 0.0010 0.0766 0.0051 
ф  0.0168 0.0174 0.0001 0.0000 0.0003 0.0000 0.0185 0.0000 0.0000 0.0433 0.0000 0.0003 0.0072 0.0008 0.0014 0.0361 0.0000 0.0109 0.0022 0.0036 0.0063 0.0016 0.0000 0.0000 0.0002 0.0000 0.0000 0.0008 0.0003 0.0001 0.0003 0.0003 
х  0.2987 0.0567 0.0002 0.0163 0.0007 0.0002 0.0041 0.0000 0.0001 0.0267 0.0000 0.0010 0.0205 0.0052 0.0267 0.1404 0.0005 0.0218 0.0056 0.0033 0.0153 0.0000 0.0000 0.0001 0.0006 0.0011 0.0000 0.0000 0.0003 0.0001 0.0000 0.0000 
ц  0.0948 0.0753 0.0002 0.0166 0.0000 0.0001 0.0783 0.0000 0.0000 0.0994 0.0000 0.0056 0.0002 0.0002 0.0001 0.0166 0.0001 0.0002 0.0002 0.0002 0.0069 0.0000 0.0000 0.0001 0.0000 0.0000 0.0000 0.0171 0.0000 0.0000 0.0000 0.0000 
ч  0.2331 0.1662 0.0000 0.0033 0.0001 0.0000 0.4740 0.0003 0.0000 0.1647 0.0002 0.0393 0.0063 0.0007 0.1342 0.0058 0.0001 0.0079 0.0002 0.2735 0.0457 0.0000 0.0001 0.0000 0.0001 0.0045 0.0000 0.0002 0.0348 0.0000 0.0000 0.0001 
ш  0.0309 0.0616 0.0001 0.0037 0.0000 0.0000 0.1225 0.0000 0.0000 0.1281 0.0003 0.0370 0.0207 0.0013 0.0318 0.0258 0.0033 0.0009 0.0008 0.0095 0.0329 0.0000 0.0001 0.0008 0.0001 0.0001 0.0002 0.0001 0.2852 0.0000 0.0009 0.0001 
щ  0.1212 0.0485 0.0000 0.0001 0.0000 0.0000 0.1548 0.0000 0.0000 0.1881 0.0001 0.0001 0.0000 0.0000 0.0069 0.0005 0.0000 0.0007 0.0000 0.0000 0.0123 0.0000 0.0000 0.0000 0.0000 0.0000 0.0000 0.0000 0.0046 0.0000 0.0000 0.0000 
ы  0.2687 0.0000 0.0162 0.0851 0.0090 0.0122 0.1077 0.0054 0.0100 0.0024 0.5443 0.0385 0.0261 0.0925 0.0111 0.0002 0.0221 0.0395 0.0718 0.0588 0.0006 0.0000 0.1241 0.0011 0.0295 0.0283 0.0026 0.0000 0.0000 0.0000 0.0001 0.0008 
ь  1.4146 0.0001 0.0104 0.0015 0.0056 0.0041 0.0666 0.0002 0.0104 0.0107 0.0001 0.0281 0.0000 0.0149 0.2185 0.0014 0.0020 0.0001 0.3061 0.0181 0.0001 0.0008 0.0003 0.0073 0.0056 0.0455 0.0031 0.0000 0.0000 0.0000 0.0345 0.0391 
э  0.0123 0.0003 0.0001 0.0017 0.0012 0.0002 0.0001 0.0000 0.0005 0.0001 0.0001 0.0125 0.0117 0.0025 0.0046 0.0002 0.0034 0.0030 0.0031 0.0244 0.0000 0.0014 0.0005 0.0000 0.0000 0.0002 0.0000 0.0000 0.0000 0.0000 0.0000 0.0001 
ю  0.2591 0.0002 0.0161 0.0011 0.0019 0.0173 0.0009 0.0041 0.0093 0.0002 0.0003 0.0037 0.0022 0.0045 0.0045 0.0001 0.0006 0.0074 0.0571 0.0200 0.0000 0.0003 0.0011 0.0027 0.0123 0.0023 0.1335 0.0000 0.0000 0.0000 0.0023 0.0002 
я  1.4789 0.0003 0.0056 0.0258 0.0168 0.0423 0.0320 0.0236 0.0482 0.0018 0.0090 0.0139 0.0111 0.0382 0.0687 0.0005 0.0038 0.0113 0.0355 0.1405 0.0006 0.0000 0.0266 0.0042 0.0130 0.0017 0.0504 0.0002 0.0002 0.0000 0.0383 0.0146 


                                             bigrams no spaces, intersection yes
      а      б      в      г      д      е      ж      з      и      й      к      л      м      н      о      п      р      с      т      у      ф      х      ц      ч      ш      щ      ы      ь      э      ю      я   
а  0.0166 0.1412 0.3706 0.1051 0.2328 0.2308 0.1154 0.4934 0.1671 0.0500 0.4148 0.3709 0.4317 0.6710 0.0684 0.2656 0.4375 0.5726 0.9153 0.0518 0.0254 0.1149 0.0491 0.3628 0.0619 0.0486 0.0529 0.0001 0.0077 0.2345 0.6672 
б  0.0936 0.0032 0.0143 0.0018 0.0059 0.1919 0.0041 0.0029 0.0960 0.0009 0.0169 0.1049 0.0119 0.0490 0.2823 0.0066 0.1684 0.0251 0.0040 0.0682 0.0004 0.0061 0.0018 0.0033 0.0030 0.0380 0.1077 0.0194 0.0010 0.0025 0.0269 
в  0.6294 0.0207 0.0739 0.0221 0.0486 0.5305 0.0074 0.1247 0.3393 0.0002 0.1502 0.1423 0.0384 0.1954 0.7713 0.1311 0.1255 0.2164 0.0532 0.1024 0.0060 0.0092 0.0101 0.0764 0.0398 0.0052 0.3026 0.0183 0.0040 0.0012 0.0446 
г  0.1479 0.0068 0.0219 0.0066 0.0299 0.0311 0.0024 0.0059 0.1080 0.0003 0.0277 0.1001 0.0076 0.0676 0.7036 0.0355 0.1482 0.0315 0.0167 0.0593 0.0008 0.0021 0.0008 0.0094 0.0132 0.0003 0.0003 0.0004 0.0011 0.0002 0.0016 
д  0.3095 0.0071 0.0906 0.0084 0.0155 0.4727 0.0067 0.0089 0.2268 0.0006 0.0606 0.1175 0.0296 0.1995 0.3549 0.0379 0.1114 0.0808 0.0141 0.1316 0.0012 0.0040 0.0098 0.0151 0.0099 0.0001 0.0607 0.0257 0.0037 0.0015 0.0344 
е  0.0457 0.1588 0.3262 0.2431 0.4264 0.1204 0.1160 0.2077 0.1141 0.1740 0.3235 0.6284 0.4780 1.3573 0.1688 0.3315 0.7952 0.8990 0.5248 0.1199 0.0199 0.0702 0.1218 0.2704 0.3012 0.0454 0.0012 0.0004 0.0115 0.0279 0.1158 
ж  0.1066 0.0142 0.0138 0.0065 0.0881 0.3581 0.0052 0.0054 0.1823 0.0002 0.0494 0.0059 0.0105 0.1528 0.0206 0.0347 0.0213 0.0409 0.0100 0.0451 0.0016 0.0018 0.0013 0.0055 0.0021 0.0002 0.0001 0.0047 0.0016 0.0005 0.0009 
з  0.3959 0.0250 0.1322 0.2119 0.1011 0.0550 0.0095 0.0100 0.0627 0.0002 0.0400 0.0457 0.0678 0.3873 0.1006 0.0162 0.0491 0.0153 0.0112 0.0556 0.0010 0.0011 0.0025 0.0064 0.0035 0.0001 0.0633 0.0145 0.0012 0.0009 0.0230 
и  0.0756 0.0673 0.3947 0.1001 0.1609 0.4657 0.2521 0.3568 0.1986 0.3809 0.2863 0.5217 0.2588 0.4528 0.1317 0.2143 0.2078 0.4635 0.7304 0.0406 0.0208 0.1289 0.1248 0.2325 0.1341 0.0283 0.0019 0.0004 0.0063 0.0415 0.3024 
й  0.3233 0.0300 0.0810 0.0244 0.0472 0.0289 0.0172 0.0261 0.0595 0.0005 0.0836 0.0204 0.0447 0.1291 0.0633 0.1199 0.0410 0.3129 0.0576 0.0222 0.0108 0.0090 0.0160 0.0314 0.0152 0.0015 0.0004 0.0039 0.0069 0.0008 0.0129 
к  0.7277 0.0128 0.0544 0.0080 0.0189 0.0955 0.0672 0.0694 0.4268 0.0006 0.0414 0.1082 0.0145 0.1052 0.8769 0.0497 0.2776 0.0713 0.1168 0.2021 0.0028 0.0034 0.0146 0.0182 0.0102 0.0004 0.0002 0.0002 0.0028 0.0007 0.0021 
л  0.4052 0.0180 0.0248 0.0222 0.0180 0.5466 0.0148 0.0127 0.5491 0.0006 0.0764 0.0365 0.0189 0.1230 0.5625 0.0483 0.0156 0.0671 0.0264 0.1270 0.0046 0.0037 0.0022 0.0141 0.0056 0.0018 0.0649 0.4978 0.0037 0.0991 0.1969 
м  0.2830 0.0277 0.0807 0.0179 0.0338 0.4290 0.0115 0.0224 0.2924 0.0004 0.0838 0.0454 0.0459 0.2329 0.2976 0.1363 0.0548 0.1225 0.0342 0.2019 0.0057 0.0091 0.0048 0.0505 0.0060 0.0019 0.0921 0.0101 0.0036 0.0008 0.0539 
н  1.2215 0.0162 0.0643 0.0230 0.0639 0.8791 0.0119 0.0212 1.1322 0.0009 0.0967 0.0178 0.0172 0.5353 1.0477 0.0873 0.0348 0.1414 0.1276 0.2048 0.0159 0.0054 0.0397 0.0414 0.0047 0.0076 0.7743 0.1071 0.0033 0.0164 0.1031 
о  0.0311 0.4995 1.2382 0.4869 0.6146 0.6451 0.2685 0.2464 0.1635 0.3604 0.3456 0.5772 0.5199 0.5367 0.1321 0.3693 0.6317 0.9566 0.6646 0.0493 0.0340 0.0723 0.0259 0.3234 0.0848 0.0298 0.0004 0.0001 0.0102 0.0222 0.0714 
п  0.1816 0.0036 0.0168 0.0037 0.0063 0.4241 0.0018 0.0045 0.1372 0.0001 0.0282 0.1514 0.0054 0.0406 0.9057 0.0441 0.9985 0.0230 0.0240 0.0864 0.0011 0.0013 0.0018 0.0096 0.0029 0.0007 0.0287 0.0104 0.0010 0.0008 0.0180 
р  1.1282 0.0203 0.0726 0.0512 0.0448 0.8786 0.0403 0.0165 0.6931 0.0007 0.0784 0.0169 0.0635 0.1387 0.9053 0.0694 0.0302 0.1076 0.1072 0.3340 0.0061 0.0322 0.0075 0.0216 0.0324 0.0042 0.1504 0.0266 0.0018 0.0212 0.1101 
с  0.1426 0.0214 0.1406 0.0133 0.0431 0.2288 0.0062 0.0076 0.1649 0.0002 0.4801 0.2487 0.1684 0.1386 0.7307 0.3001 0.1627 0.1267 1.6422 0.2687 0.0077 0.0267 0.0137 0.0374 0.0174 0.0009 0.0452 0.1937 0.0023 0.0061 0.5841 
т  0.6225 0.0197 0.3987 0.0125 0.0424 0.5344 0.0057 0.0121 0.5200 0.0006 0.1333 0.0507 0.0210 0.2442 0.9883 0.0707 0.4296 0.1814 0.0320 0.1510 0.0032 0.0073 0.0051 0.0270 0.0065 0.0021 0.1437 1.3572 0.0060 0.0089 0.0553 
у  0.0173 0.0851 0.0790 0.1041 0.1769 0.0581 0.1097 0.0526 0.0269 0.0064 0.1280 0.0855 0.1159 0.1337 0.0313 0.2300 0.1137 0.2673 0.1975 0.0176 0.0041 0.0529 0.0023 0.1469 0.0678 0.1922 0.0010 0.0000 0.0025 0.0921 0.0092 
ф  0.0225 0.0006 0.0017 0.0007 0.0008 0.0221 0.0002 0.0006 0.0525 0.0001 0.0011 0.0089 0.0015 0.0034 0.0453 0.0024 0.0135 0.0049 0.0051 0.0082 0.0025 0.0001 0.0001 0.0004 0.0001 0.0000 0.0010 0.0003 0.0002 0.0003 0.0007 
х  0.0737 0.0067 0.0450 0.0080 0.0179 0.0079 0.0060 0.0095 0.0538 0.0000 0.0177 0.0317 0.0188 0.0584 0.1894 0.0491 0.0420 0.0632 0.0149 0.0289 0.0025 0.0025 0.0028 0.0081 0.0032 0.0001 0.0002 0.0004 0.0020 0.0002 0.0064 
ц  0.0924 0.0029 0.0289 0.0018 0.0041 0.0944 0.0012 0.0030 0.1243 0.0001 0.0124 0.0033 0.0043 0.0080 0.0285 0.0185 0.0055 0.0141 0.0049 0.0113 0.0006 0.0008 0.0010 0.0021 0.0011 0.0002 0.0205 0.0001 0.0008 0.0001 0.0008 
ч  0.2024 0.0056 0.0219 0.0062 0.0071 0.5670 0.0034 0.0065 0.2180 0.0002 0.0595 0.0112 0.0063 0.1792 0.0255 0.0484 0.0272 0.0479 0.3340 0.0641 0.0013 0.0017 0.0010 0.0051 0.0076 0.0004 0.0004 0.0416 0.0013 0.0002 0.0014 
ш  0.0754 0.0018 0.0067 0.0011 0.0013 0.1464 0.0004 0.0007 0.1536 0.0004 0.0474 0.0270 0.0028 0.0395 0.0321 0.0080 0.0026 0.0043 0.0126 0.0405 0.0018 0.0008 0.0011 0.0009 0.0015 0.0004 0.0001 0.3403 0.0001 0.0011 0.0004 
щ  0.0599 0.0067 0.0096 0.0026 0.0045 0.1851 0.0010 0.0060 0.2286 0.0002 0.0061 0.0020 0.0041 0.0194 0.0155 0.0254 0.0110 0.0144 0.0043 0.0216 0.0013 0.0012 0.0008 0.0018 0.0016 0.0005 0.0001 0.0055 0.0009 0.0001 0.0004 
ы  0.0064 0.0261 0.1265 0.0167 0.0247 0.1324 0.0416 0.0186 0.0219 0.6495 0.0616 0.0359 0.1221 0.0354 0.0258 0.0705 0.0594 0.1165 0.0795 0.0088 0.0014 0.1506 0.0028 0.0411 0.0354 0.0034 0.0001 0.0001 0.0019 0.0003 0.0025 
ь  0.1626 0.0477 0.1460 0.0283 0.0494 0.1105 0.0141 0.0529 0.1537 0.0009 0.1055 0.0293 0.0499 0.4124 0.1041 0.1491 0.0802 0.5908 0.0586 0.0461 0.0043 0.0091 0.0132 0.0604 0.0649 0.0066 0.0035 0.0003 0.0032 0.0420 0.0847 
э  0.0044 0.0003 0.0027 0.0015 0.0006 0.0002 0.0002 0.0008 0.0015 0.0002 0.0154 0.0142 0.0033 0.0071 0.0006 0.0052 0.0042 0.0043 0.0295 0.0001 0.0017 0.0006 0.0001 0.0001 0.0003 0.0000 0.0006 0.0000 0.0005 0.0000 0.0006 
ю  0.0900 0.0248 0.0162 0.0060 0.0276 0.0106 0.0073 0.0157 0.0078 0.0004 0.0161 0.0110 0.0124 0.0259 0.0131 0.0212 0.0348 0.0855 0.0342 0.0047 0.0018 0.0020 0.0045 0.0200 0.0037 0.1597 0.0001 0.0000 0.0009 0.0030 0.0127 
я  0.0535 0.0401 0.1459 0.0433 0.0937 0.0633 0.0427 0.0885 0.1060 0.0110 0.1129 0.0376 0.0975 0.1845 0.3880 0.1670 0.0765 0.3020 0.2059 0.0335 0.0095 0.0400 0.0091 0.0605 0.0117 0.0614 0.0009 0.0048 0.0064 0.0468 0.0301 


                                             bigrams with spaces, intersection no
             а      б      в      г      д      е      ж      з      и      й      к      л      м      н      о      п      р      с      т      у      ф      х      ц      ч      ш      щ      ы      ь      э      ю      я   
   0.0000 0.8245 0.3489 1.1468 0.2738 0.5469 0.1937 0.3927 0.5424 0.8999 0.0035 0.9579 0.3082 0.5859 1.3643 1.1520 1.7850 0.7343 1.8052 0.5419 0.4452 0.0846 0.1086 0.0657 0.6238 0.1055 0.0156 0.0563 0.0085 0.0696 0.0124 0.1916 
а  1.1987 0.0007 0.0973 0.2365 0.0700 0.1562 0.1813 0.0870 0.3920 0.0179 0.0412 0.2809 0.2941 0.1973 0.4860 0.0029 0.1025 0.3333 0.3485 0.7045 0.0156 0.0181 0.0892 0.0378 0.2786 0.0460 0.0394 0.0001 0.0001 0.0017 0.1948 0.5528 
б  0.0416 0.0752 0.0007 0.0090 0.0007 0.0035 0.1604 0.0032 0.0011 0.0787 0.0009 0.0126 0.0878 0.0078 0.0377 0.2299 0.0006 0.1386 0.0175 0.0023 0.0547 0.0001 0.0048 0.0011 0.0022 0.0022 0.0329 0.0909 0.0161 0.0000 0.0022 0.0220 
в  0.8363 0.5193 0.0018 0.0095 0.0009 0.0120 0.4386 0.0005 0.0298 0.2393 0.0001 0.0416 0.1080 0.0131 0.1165 0.5920 0.0121 0.0598 0.0909 0.0200 0.0668 0.0001 0.0033 0.0031 0.0049 0.0295 0.0040 0.2517 0.0148 0.0001 0.0004 0.0333 
г  0.2116 0.1163 0.0004 0.0029 0.0015 0.0182 0.0242 0.0001 0.0001 0.0811 0.0002 0.0144 0.0811 0.0016 0.0323 0.5749 0.0004 0.1184 0.0015 0.0009 0.0441 0.0000 0.0000 0.0001 0.0020 0.0036 0.0000 0.0002 0.0004 0.0001 0.0001 0.0001 
д  0.1508 0.2494 0.0033 0.0649 0.0031 0.0048 0.3933 0.0042 0.0030 0.1856 0.0004 0.0429 0.0942 0.0145 0.1549 0.2879 0.0114 0.0897 0.0504 0.0080 0.1091 0.0002 0.0024 0.0077 0.0085 0.0071 0.0000 0.0500 0.0220 0.0022 0.0010 0.0278 
е  1.6078 0.0101 0.1002 0.1517 0.1728 0.2903 0.0874 0.0826 0.1315 0.0164 0.1460 0.1625 0.4957 0.3523 1.0378 0.0508 0.0925 0.6032 0.5888 0.3886 0.0134 0.0075 0.0470 0.0965 0.1270 0.2431 0.0374 0.0000 0.0001 0.0003 0.0221 0.0207 
ж  0.2129 0.0841 0.0048 0.0005 0.0014 0.0663 0.2971 0.0018 0.0000 0.1482 0.0002 0.0145 0.0015 0.0011 0.1168 0.0065 0.0002 0.0006 0.0025 0.0001 0.0296 0.0000 0.0000 0.0002 0.0019 0.0001 0.0000 0.0000 0.0037 0.0000 0.0001 0.0000 
з  0.1080 0.3267 0.0180 0.1042 0.1741 0.0767 0.0444 0.0060 0.0022 0.0507 0.0002 0.0255 0.0362 0.0531 0.3231 0.0795 0.0001 0.0346 0.0019 0.0033 0.0444 0.0000 0.0001 0.0016 0.0017 0.0022 0.0000 0.0546 0.0121 0.0001 0.0008 0.0192 
и  1.2600 0.0410 0.0317 0.2346 0.0621 0.0908 0.3757 0.0629 0.2353 0.1114 0.3181 0.1784 0.3792 0.1804 0.2824 0.0437 0.0294 0.1232 0.2758 0.5778 0.0030 0.0119 0.0996 0.0950 0.1658 0.1057 0.0223 0.0006 0.0001 0.0004 0.0347 0.2474 
й  1.1564 0.0000 0.0012 0.0001 0.0005 0.0060 0.0008 0.0001 0.0005 0.0001 0.0001 0.0134 0.0018 0.0038 0.0347 0.0026 0.0007 0.0006 0.1176 0.0194 0.0000 0.0007 0.0002 0.0066 0.0037 0.0054 0.0005 0.0000 0.0000 0.0000 0.0000 0.0002 
к  0.4937 0.5785 0.0013 0.0186 0.0003 0.0002 0.0758 0.0503 0.0028 0.3204 0.0003 0.0023 0.0824 0.0009 0.0612 0.7142 0.0001 0.1708 0.0205 0.0845 0.1592 0.0000 0.0003 0.0106 0.0004 0.0051 0.0000 0.0000 0.0001 0.0000 0.0003 0.0001 
л  0.3374 0.3215 0.0051 0.0017 0.0097 0.0037 0.4549 0.0088 0.0039 0.4462 0.0003 0.0414 0.0216 0.0019 0.0453 0.4538 0.0031 0.0003 0.0240 0.0091 0.1013 0.0003 0.0003 0.0001 0.0054 0.0006 0.0011 0.0537 0.4148 0.0000 0.0822 0.1663 
м  0.7990 0.2221 0.0076 0.0023 0.0007 0.0001 0.3585 0.0000 0.0003 0.2081 0.0001 0.0128 0.0263 0.0125 0.0973 0.2042 0.0162 0.0030 0.0104 0.0005 0.1425 0.0013 0.0002 0.0015 0.0033 0.0005 0.0009 0.0764 0.0084 0.0003 0.0000 0.0408 
н  0.5740 1.0027 0.0006 0.0043 0.0104 0.0286 0.7141 0.0034 0.0040 0.9208 0.0007 0.0547 0.0007 0.0002 0.3995 0.8278 0.0004 0.0042 0.0608 0.0822 0.1557 0.0057 0.0010 0.0311 0.0153 0.0007 0.0067 0.6442 0.0910 0.0006 0.0137 0.0839 
о  1.4279 0.0036 0.3840 0.9382 0.3834 0.4711 0.5328 0.1464 0.1277 0.0734 0.2991 0.2304 0.4661 0.4028 0.2411 0.0410 0.1625 0.4653 0.6752 0.5083 0.0096 0.0231 0.0512 0.0170 0.1507 0.0664 0.0239 0.0000 0.0001 0.0040 0.0183 0.0545 
п  0.1290 0.1473 0.0002 0.0004 0.0002 0.0000 0.3526 0.0000 0.0000 0.1144 0.0001 0.0146 0.1235 0.0001 0.0238 0.7495 0.0138 0.8338 0.0050 0.0150 0.0680 0.0001 0.0000 0.0007 0.0051 0.0016 0.0005 0.0237 0.0087 0.0003 0.0006 0.0143 
р  0.3435 0.9144 0.0098 0.0341 0.0387 0.0256 0.7322 0.0309 0.0058 0.5580 0.0005 0.0370 0.0091 0.0443 0.0965 0.7370 0.0101 0.0086 0.0517 0.0744 0.2710 0.0032 0.0239 0.0048 0.0116 0.0237 0.0034 0.1263 0.0226 0.0003 0.0177 0.0871 
с  0.2523 0.1114 0.0099 0.1014 0.0044 0.0226 0.1904 0.0026 0.0003 0.1330 0.0001 0.3704 0.2043 0.1334 0.0934 0.6000 0.2215 0.1257 0.0817 1.3575 0.2140 0.0047 0.0194 0.0089 0.0242 0.0121 0.0006 0.0378 0.1632 0.0004 0.0041 0.4876 
т  0.3995 0.4991 0.0050 0.3003 0.0028 0.0178 0.4379 0.0008 0.0014 0.4208 0.0005 0.0793 0.0363 0.0078 0.1690 0.8044 0.0085 0.3449 0.1113 0.0061 0.1143 0.0012 0.0025 0.0031 0.0089 0.0018 0.0015 0.1197 1.1407 0.0036 0.0073 0.0450 
у  0.4158 0.0068 0.0631 0.0367 0.0831 0.1347 0.0410 0.0830 0.0344 0.0022 0.0057 0.0819 0.0661 0.0807 0.0350 0.0007 0.1479 0.0806 0.1921 0.1545 0.0005 0.0023 0.0387 0.0009 0.0996 0.0548 0.1644 0.0000 0.0000 0.0007 0.0774 0.0053 
ф  0.0167 0.0170 0.0001 0.0000 0.0003 0.0000 0.0187 0.0000 0.0000 0.0432 0.0000 0.0002 0.0072 0.0008 0.0012 0.0364 0.0000 0.0112 0.0022 0.0035 0.0068 0.0013 0.0000 0.0000 0.0001 0.0001 0.0000 0.0008 0.0002 0.0002 0.0003 0.0002 
х  0.2998 0.0563 0.0002 0.0162 0.0009 0.0002 0.0043 0.0000 0.0001 0.0259 0.0000 0.0010 0.0195 0.0052 0.0274 0.1404 0.0004 0.0213 0.0052 0.0037 0.0147 0.0001 0.0000 0.0001 0.0006 0.0011 0.0000 0.0000 0.0002 0.0002 0.0000 0.0001 
ц  0.0948 0.0767 0.0001 0.0167 0.0000 0.0001 0.0780 0.0000 0.0000 0.1002 0.0000 0.0056 0.0001 0.0002 0.0001 0.0162 0.0000 0.0001 0.0002 0.0001 0.0069 0.0000 0.0000 0.0002 0.0000 0.0000 0.0000 0.0178 0.0000 0.0000 0.0000 0.0000 
ч  0.2311 0.1682 0.0001 0.0031 0.0001 0.0000 0.4690 0.0004 0.0000 0.1646 0.0001 0.0376 0.0059 0.0007 0.1357 0.0057 0.0000 0.0077 0.0003 0.2731 0.0438 0.0000 0.0002 0.0000 0.0001 0.0045 0.0000 0.0001 0.0335 0.0000 0.0000 0.0001 
ш  0.0323 0.0623 0.0002 0.0039 0.0000 0.0000 0.1239 0.0000 0.0000 0.1256 0.0003 0.0352 0.0202 0.0013 0.0319 0.0260 0.0033 0.0011 0.0009 0.0100 0.0326 0.0000 0.0002 0.0007 0.0001 0.0001 0.0001 0.0002 0.2840 0.0000 0.0009 0.0001 
щ  0.1182 0.0480 0.0000 0.0001 0.0000 0.0000 0.1513 0.0000 0.0000 0.1871 0.0001 0.0000 0.0000 0.0000 0.0068 0.0005 0.0000 0.0008 0.0000 0.0000 0.0122 0.0000 0.0000 0.0000 0.0000 0.0000 0.0000 0.0000 0.0046 0.0000 0.0001 0.0000 
ы  0.2691 0.0001 0.0158 0.0852 0.0092 0.0129 0.1067 0.0052 0.0102 0.0022 0.5463 0.0383 0.0273 0.0921 0.0110 0.0002 0.0223 0.0405 0.0713 0.0579 0.0005 0.0000 0.1259 0.0013 0.0291 0.0277 0.0025 0.0000 0.0000 0.0000 0.0001 0.0008 
ь  1.4124 0.0001 0.0103 0.0014 0.0053 0.0041 0.0660 0.0002 0.0098 0.0110 0.0001 0.0279 0.0000 0.0147 0.2208 0.0013 0.0021 0.0001 0.3077 0.0175 0.0000 0.0008 0.0002 0.0073 0.0055 0.0449 0.0030 0.0000 0.0000 0.0001 0.0351 0.0395 
э  0.0121 0.0003 0.0001 0.0018 0.0011 0.0001 0.0001 0.0000 0.0005 0.0001 0.0001 0.0122 0.0111 0.0023 0.0045 0.0002 0.0033 0.0029 0.0032 0.0248 0.0000 0.0016 0.0004 0.0000 0.0000 0.0003 0.0000 0.0000 0.0000 0.0000 0.0000 0.0001 
ю  0.2580 0.0002 0.0167 0.0012 0.0018 0.0171 0.0009 0.0042 0.0096 0.0001 0.0002 0.0037 0.0019 0.0042 0.0045 0.0001 0.0006 0.0074 0.0555 0.0196 0.0000 0.0002 0.0011 0.0025 0.0123 0.0023 0.1361 0.0000 0.0000 0.0000 0.0019 0.0003 
я  1.4808 0.0004 0.0057 0.0254 0.0173 0.0427 0.0322 0.0234 0.0475 0.0017 0.0088 0.0138 0.0107 0.0381 0.0690 0.0005 0.0042 0.0108 0.0353 0.1416 0.0004 0.0000 0.0266 0.0044 0.0129 0.0016 0.0499 0.0002 0.0002 0.0001 0.0372 0.0157 


                                             bigrams no spaces, intersection no
      а      б      в      г      д      е      ж      з      и      й      к      л      м      н      о      п      р      с      т      у      ф      х      ц      ч      ш      щ      ы      ь      э      ю      я   
а  0.0164 0.1412 0.3703 0.1061 0.2318 0.2295 0.1131 0.4963 0.1645 0.0503 0.4153 0.3722 0.4266 0.6770 0.0683 0.2706 0.4379 0.5740 0.9205 0.0515 0.0245 0.1160 0.0493 0.3604 0.0617 0.0495 0.0547 0.0001 0.0080 0.2355 0.6696 
б  0.0919 0.0027 0.0145 0.0019 0.0063 0.1962 0.0040 0.0029 0.0939 0.0009 0.0168 0.1058 0.0112 0.0507 0.2836 0.0061 0.1668 0.0253 0.0042 0.0691 0.0004 0.0058 0.0017 0.0035 0.0028 0.0381 0.1078 0.0192 0.0009 0.0024 0.0279 
в  0.6287 0.0207 0.0723 0.0219 0.0483 0.5309 0.0074 0.1259 0.3426 0.0001 0.1495 0.1409 0.0376 0.1960 0.7668 0.1312 0.1276 0.2120 0.0543 0.1012 0.0060 0.0089 0.0097 0.0767 0.0411 0.0052 0.3023 0.0174 0.0032 0.0010 0.0444 
г  0.1476 0.0062 0.0231 0.0072 0.0306 0.0307 0.0027 0.0057 0.1076 0.0004 0.0278 0.1011 0.0081 0.0670 0.7015 0.0354 0.1465 0.0324 0.0162 0.0594 0.0007 0.0018 0.0009 0.0098 0.0131 0.0004 0.0003 0.0006 0.0010 0.0002 0.0016 
д  0.3130 0.0073 0.0927 0.0088 0.0156 0.4662 0.0066 0.0083 0.2257 0.0007 0.0610 0.1191 0.0296 0.1984 0.3565 0.0383 0.1129 0.0807 0.0144 0.1328 0.0013 0.0041 0.0094 0.0159 0.0094 0.0001 0.0612 0.0258 0.0037 0.0016 0.0342 
е  0.0469 0.1563 0.3285 0.2412 0.4284 0.1199 0.1166 0.2068 0.1133 0.1723 0.3254 0.6266 0.4749 1.3527 0.1667 0.3310 0.7913 0.8943 0.5243 0.1192 0.0205 0.0702 0.1227 0.2708 0.2991 0.0473 0.0010 0.0003 0.0111 0.0272 0.1162 
ж  0.1074 0.0137 0.0131 0.0067 0.0864 0.3597 0.0055 0.0052 0.1830 0.0001 0.0492 0.0060 0.0106 0.1533 0.0207 0.0353 0.0227 0.0400 0.0098 0.0446 0.0016 0.0016 0.0012 0.0056 0.0020 0.0002 0.0001 0.0047 0.0014 0.0006 0.0006 
з  0.3948 0.0243 0.1326 0.2119 0.1005 0.0556 0.0097 0.0108 0.0639 0.0002 0.0400 0.0442 0.0686 0.3864 0.1036 0.0160 0.0476 0.0147 0.0107 0.0550 0.0011 0.0012 0.0025 0.0062 0.0038 0.0000 0.0635 0.0150 0.0009 0.0008 0.0224 
и  0.0751 0.0681 0.3946 0.1006 0.1598 0.4690 0.2543 0.3553 0.1975 0.3812 0.2874 0.5240 0.2600 0.4527 0.1317 0.2120 0.2100 0.4620 0.7290 0.0414 0.0209 0.1290 0.1240 0.2303 0.1361 0.0292 0.0019 0.0004 0.0065 0.0419 0.3027 
й  0.3223 0.0310 0.0814 0.0251 0.0472 0.0291 0.0174 0.0272 0.0584 0.0005 0.0828 0.0199 0.0463 0.1297 0.0624 0.1206 0.0411 0.3101 0.0582 0.0231 0.0102 0.0082 0.0156 0.0309 0.0150 0.0014 0.0003 0.0039 0.0077 0.0008 0.0122 
к  0.7314 0.0131 0.0546 0.0077 0.0175 0.0948 0.0670 0.0707 0.4255 0.0005 0.0418 0.1072 0.0149 0.1039 0.8771 0.0476 0.2767 0.0702 0.1175 0.2024 0.0029 0.0032 0.0141 0.0176 0.0102 0.0004 0.0003 0.0001 0.0031 0.0009 0.0023 
л  0.4028 0.0179 0.0248 0.0232 0.0170 0.5469 0.0147 0.0131 0.5537 0.0005 0.0772 0.0370 0.0179 0.1237 0.5596 0.0474 0.0155 0.0671 0.0267 0.1263 0.0046 0.0038 0.0025 0.0140 0.0051 0.0019 0.0655 0.4957 0.0034 0.0998 0.1971 
м  0.2824 0.0267 0.0822 0.0168 0.0341 0.4287 0.0118 0.0223 0.2959 0.0004 0.0849 0.0441 0.0472 0.2352 0.2971 0.1358 0.0553 0.1238 0.0345 0.2045 0.0055 0.0090 0.0048 0.0499 0.0053 0.0018 0.0930 0.0107 0.0033 0.0008 0.0536 
н  1.2145 0.0153 0.0669 0.0221 0.0639 0.8826 0.0114 0.0208 1.1255 0.0012 0.0948 0.0173 0.0169 0.5379 1.0487 0.0880 0.0351 0.1408 0.1284 0.2051 0.0156 0.0056 0.0406 0.0419 0.0047 0.0075 0.7752 0.1067 0.0030 0.0162 0.1037 
о  0.0316 0.4967 1.2418 0.4891 0.6152 0.6517 0.2674 0.2445 0.1658 0.3605 0.3500 0.5776 0.5167 0.5330 0.1316 0.3700 0.6358 0.9560 0.6624 0.0499 0.0332 0.0739 0.0259 0.3267 0.0836 0.0301 0.0005 0.0002 0.0106 0.0210 0.0694 
п  0.1766 0.0035 0.0164 0.0040 0.0067 0.4241 0.0018 0.0043 0.1346 0.0001 0.0279 0.1526 0.0053 0.0397 0.9016 0.0451 0.9993 0.0230 0.0225 0.0857 0.0011 0.0011 0.0020 0.0096 0.0031 0.0007 0.0282 0.0107 0.0008 0.0007 0.0189 
р  1.1253 0.0207 0.0720 0.0502 0.0454 0.8817 0.0410 0.0172 0.6903 0.0006 0.0766 0.0176 0.0637 0.1409 0.9028 0.0691 0.0299 0.1090 0.1070 0.3328 0.0058 0.0306 0.0073 0.0223 0.0316 0.0042 0.1502 0.0265 0.0018 0.0210 0.1119 
с  0.1427 0.0208 0.1435 0.0134 0.0433 0.2325 0.0062 0.0076 0.1647 0.0002 0.4807 0.2467 0.1699 0.1384 0.7301 0.3011 0.1652 0.1266 1.6427 0.2700 0.0079 0.0277 0.0139 0.0362 0.0177 0.0009 0.0460 0.1907 0.0022 0.0055 0.5812 
т  0.6228 0.0203 0.3953 0.0117 0.0421 0.5360 0.0056 0.0122 0.5210 0.0007 0.1321 0.0509 0.0210 0.2428 0.9938 0.0700 0.4323 0.1820 0.0308 0.1484 0.0027 0.0070 0.0053 0.0280 0.0064 0.0015 0.1443 1.3559 0.0059 0.0088 0.0555 
у  0.0169 0.0874 0.0795 0.1047 0.1752 0.0584 0.1095 0.0529 0.0270 0.0064 0.1252 0.0864 0.1148 0.1331 0.0312 0.2349 0.1115 0.2663 0.1977 0.0169 0.0043 0.0509 0.0023 0.1474 0.0678 0.1929 0.0008 0.0000 0.0024 0.0940 0.0089 
ф  0.0228 0.0005 0.0016 0.0006 0.0010 0.0219 0.0002 0.0006 0.0538 0.0000 0.0009 0.0090 0.0014 0.0031 0.0454 0.0024 0.0135 0.0052 0.0055 0.0085 0.0026 0.0002 0.0001 0.0002 0.0001 0.0000 0.0008 0.0004 0.0002 0.0004 0.0006 
х  0.0747 0.0072 0.0449 0.0078 0.0179 0.0074 0.0059 0.0092 0.0548 0.0000 0.0189 0.0320 0.0197 0.0580 0.1883 0.0497 0.0420 0.0626 0.0145 0.0301 0.0027 0.0027 0.0031 0.0085 0.0032 0.0001 0.0002 0.0005 0.0021 0.0002 0.0059 
ц  0.0914 0.0034 0.0279 0.0017 0.0041 0.0941 0.0012 0.0031 0.1240 0.0001 0.0129 0.0034 0.0043 0.0081 0.0300 0.0185 0.0053 0.0139 0.0052 0.0119 0.0006 0.0009 0.0010 0.0022 0.0009 0.0001 0.0204 0.0000 0.0008 0.0001 0.0009 
ч  0.2009 0.0060 0.0228 0.0061 0.0078 0.5694 0.0032 0.0065 0.2174 0.0002 0.0589 0.0111 0.0061 0.1805 0.0256 0.0498 0.0260 0.0476 0.3315 0.0625 0.0013 0.0017 0.0012 0.0054 0.0080 0.0005 0.0004 0.0414 0.0012 0.0001 0.0012 
ш  0.0746 0.0020 0.0070 0.0011 0.0013 0.1486 0.0004 0.0006 0.1539 0.0004 0.0472 0.0275 0.0026 0.0389 0.0324 0.0081 0.0026 0.0041 0.0129 0.0417 0.0020 0.0007 0.0010 0.0009 0.0015 0.0004 0.0001 0.3389 0.0001 0.0008 0.0006 
щ  0.0595 0.0065 0.0096 0.0026 0.0049 0.1838 0.0011 0.0061 0.2279 0.0002 0.0063 0.0019 0.0042 0.0184 0.0153 0.0253 0.0114 0.0139 0.0045 0.0206 0.0011 0.0012 0.0006 0.0016 0.0014 0.0004 0.0001 0.0055 0.0009 0.0001 0.0005 
ы  0.0070 0.0260 0.1250 0.0159 0.0244 0.1297 0.0398 0.0183 0.0225 0.6521 0.0620 0.0357 0.1224 0.0344 0.0256 0.0705 0.0583 0.1175 0.0793 0.0085 0.0015 0.1490 0.0026 0.0418 0.0356 0.0035 0.0001 0.0001 0.0018 0.0002 0.0026 
ь  0.1630 0.0486 0.1474 0.0285 0.0468 0.1122 0.0143 0.0527 0.1522 0.0011 0.1054 0.0300 0.0504 0.4136 0.1038 0.1500 0.0784 0.5952 0.0593 0.0449 0.0046 0.0092 0.0136 0.0608 0.0659 0.0065 0.0038 0.0003 0.0032 0.0412 0.0853 
э  0.0046 0.0003 0.0027 0.0016 0.0007 0.0002 0.0002 0.0006 0.0015 0.0003 0.0163 0.0141 0.0031 0.0074 0.0005 0.0047 0.0041 0.0049 0.0301 0.0001 0.0016 0.0006 0.0001 0.0001 0.0004 0.0000 0.0006 0.0000 0.0006 0.0000 0.0004 
ю  0.0911 0.0243 0.0165 0.0066 0.0280 0.0105 0.0077 0.0161 0.0080 0.0004 0.0158 0.0106 0.0129 0.0278 0.0126 0.0215 0.0352 0.0855 0.0335 0.0046 0.0012 0.0021 0.0039 0.0207 0.0037 0.1583 0.0000 0.0000 0.0007 0.0027 0.0130 
я  0.0524 0.0397 0.1436 0.0435 0.0937 0.0638 0.0430 0.0876 0.1054 0.0104 0.1133 0.0379 0.0949 0.1870 0.3859 0.1688 0.0777 0.3043 0.2051 0.0344 0.0096 0.0395 0.0085 0.0589 0.0112 0.0639 0.0007 0.0048 0.0061 0.0458 0.0314 


                                                      ENTROPY (in bits)

Unigrams with spaces:                                    4.4061
Unigrams no spaces:                                      4.4950
Bigrams with spaces, intersection yes:                   4.0037
Bigrams no spaces, intersection yes:                     4.1780
Bigrams with spaces, intersection no:                    4.0034
Bigrams no spaces, intersection no:                      4.1780


                                                      REDUNDANCY

Unigrams with spaces:                                    11.8779%
Unigrams no spaces:                                      9.2693%
Bigrams with spaces, intersection yes:                   19.9263%
Bigrams no spaces, intersection yes:                     15.6671%
Bigrams with spaces, intersection no:                    19.9319%
Bigrams no spaces, intersection no:                      15.6684%
CoolPinkProgram H(10):                                   0.369702<R<0.548631
CoolPinkProgram H(20):                                   0.456705<R<0.630260
CoolPinkProgram H(30):                                   0.476804<R<0.662730
