0.037909996
0.037813406
0.0377116
0.03874209
0.038082346
0.039693072
0.03809301
0.040229917
0.038825247
0.03955285
0.037978668
0.037518445
0.038710758
0.040173955
0.03956825
0.038565874
0.043414943
0.054365315
0.03778373
0.038337804
0.039162617
0.038195707
0.038516305
0.039164156
0.0372046
0.039125133
0.0398184
0.0375066
0.038217522
0.039895933
0.03824977
0.03899051
0.037598312
0.03830318
0.03688566
0.03844422
0.03895783
0.038747113
0.038189124
0.038809054
0.038654197
0.038257577
0.037782434
0.038754344
0.037446268
0.03911997
0.04008402
0.038570464
0.038025014
0.03913693
0.03834708
0.039265744
0.044417676
0.038998533
0.03838341
0.038784187
0.038770203
0.03994406
0.039824046
0.039738964
0.042250164
0.03848406
0.038161274
0.037926864
0.040921256
0.03876626
0.038119037
0.039261803
0.039140057
0.038129993
0.03890067
0.037057552
0.040797204
0.03899301
0.039294217
0.038998462
0.038817465
0.037939813
0.039033424
0.039328985