14967568988040225479967761104497604129961474515493967906476571540736038445589
35016834287065361753195441098960275281195499781503133197061769400198608538701
102520217338565384649143670187442612889986914448054023876557418458686660645587
94592159334564600670034852462383528516024111074956941868151256592254765755653
70014928353073199594292380680927286076934682878832221867244889674812282659673
27731630075496169188544809802156531546800288162878158859455221261025527244181
37886958807010765684800837514626369827533107539333648555231190060590111557031
10275860539580578244549205652445614171610102085248709793977762123266003622599
11015676584175493491156464940046536551212111681992245760580746270764225809433
68522402371635498009059474262622985118598081506326094576071067533861833715941
74209085925864905356607128270911276108054422657538647146591786818972329668961
85760467500453354783535351955056973479018027152345757473881508457292745333599
28777721006174636419664606117393159226658740085852489327404323828237195500417
114325493212904392462127610857978598639778573006969484464133876721652529982371
108622411431712579441515370821143778193535120107628283941235158030905425624791
5090562100626020773381994074657764525450812373741101381577579746432538974731
52096682849541156998831028943926109239482918973633275527679677929701776017893
32228704215178338918027798572554208274931496557918354918625158885532114405857
102140954093990196470667011274679155894709417802622025511495847607517465285341
107415644848165304463483762102016382019908319270232739936594814980101433337169
72207108858178031703439934951506713211545942833429497006962758369359116880801
27268776173261766388308785882741462713703684975878744490505269465497146830089
47931507221641297421217909956164762799677857519541941128820906559213160505107
99393238978407495100475435960269875803525535010795985403699468351241520020727
48378063955096193627953353547292637281352261570910169684448940350613638859339
62597150106665716175235924099739863640769706309270916150721152456973599800827
92206576101281845294542678467038525897304596082936288123755437187045214666213
68422284945204241209923038715334324891050811417826252161993445677771637289981
109157187235747333001363634303684501855230119914968746514172902564338557289717
31131801195091816131039450189727811301911676141628829733494300955723530004683
26862270871501542842363288482518381706495746275195811476096811922723650724199
72525634720126608412388707418325240335531960548274328441941855063679545658437
2255058187543131036492870285741771590205710612219529109114501306893528950917
71556687410387696552369238386128395552390540878668730252010912937640605688381
27157296480914441825960628453244962282644962134963845421839737151483168545801
38073558573647110978817142130244183964712888213886378876634428321350307463209
267071062631098366639496964997513992733963495365481305438839918720718290197
35744659711879567308113235105201294842776823396408027970245172102091877719009
105536713232898414342527793216791186291168911776980645283478423770722953165579
108420308173091395574613843557146706842971801986983869070489609587396281961593
9590663768566216657581987252133829296488424658776693108209525769521860924857
31859240176584780813745338566842424717658310409490073233158096062227885530549
60953483104216003350848214744405710959845378983506719794391658189957436754071
112963622800509387970864459077490836110917334369223542556386009308554873153737
66836183866150086481727383068603200151448098363745889669045680422544596442409
26210290590135170487431760030158551715879196572313340930806912992316810272437
11154315023067974776924637090540577577913981520038653897006252491579546014857
3072579263336286621775250592277183451161441165635171482851174287103295221543
26183651965477119415940601193809747923919833785101872622523120020786922411603
68037823146828715516733248250285417168381742994627660438062991554729289065253
63863145590519339829187102585278839201036767777761519064462595935147198445411
45688218118348732243907092185840587841686512003724151217740910563939954238591
90525044573164897730425317812710258158181649047401666599709175878804124815853
72557763957280754992153187650744927918971339350450137879905434352449480535821
64754252917336864589907872743288619023025639640168156878964772756643642133203
55828295770311196718896648389828715551646520876271016013893417914096714592609
55346412742356969822153448846762268651315997095487655350740232507926438688931
55221368476972609477911042106841959656930071934043846390718655881922567255269
46147526687521145295033807119492408150433079173089373082286663913070040245501
63688908843485420794981953178585900072949636888727404781917663429859777152113
20708783369199231869866843391813409265102542194670666873095235493758340087757
96785379857690842470650966464113081942805496141035916534334577340016026314189
93063638572393425920539307460537460819157261108951881507211386983503827396723
20779981803128352644444481420795768306752755421809254401103983363257217049263
88592797613736381209771796516315591798544488173992960226467389553849607380699
41494130202309193208158773886555232751695126591460634377784503618017293402009
63122035684525787692745868884306266177603667738535194745672184547976834923503
73663481182625764394040037109187659402745715434302212441005190301396519955737
92697669359579528514354685505761533447787097338803376966986011261748405025691
1307879840342692793478955226640219341851386220728891373528584515727105134243
7979896703573368998317901065667074623070897056603624925723563094058955765751
66680706162821432923490253882992489060855225646282006884256592987488934007213
33442714082216401020993822644694934560861043717668707156209954589564034901087
7910457490392128575314382192796605152765923463900888083990802386477046267167
22243776645751634957180147282858373271365753539595204552197570677266853999457
29124832208936475900150130782091830077720668072255844491411264817491546629239
83193598386175263542811435733353550982474219098972172988534007688006115212447
36866058806958438002317102905832306581406054528572162630257493240725134260479
16869504591510016911245657428359624480746368304474539466850376041102733404241
16105731230720870761194876822166922970570587841419543930603996488358978015033
71595024656693845168679245841232877861751470635736362712224227026527740266321
92794752783630629381705850257296278775665710155355216015851735801048978909447
17750237698702315761313375994270991206182743863276947882279611116496618193049
109303603647785546408408674756286849126970392500678564181018767973877984920123
12069512396480443071941659572128212813061776532270049062559602448573051938563
69443101990204169321129964453440602085519882238416501248883186856294822557821
10440238995369196193209427739754443251752667697411596205352258923212593586081
13317292145274603041238530616715830700388252314729152607060199630816877921619
34353596946792205272509773848964720424080442556453194163020338129997127728179
106411681105399656328520947102359339968062265869514744171165045435482923352543
75640623702545108673206793603706483100365559553038103488274413119593957704293
65087608688000400805267005181865166363517440566224923002201674036980055977841
67846430076982104767968700310732982885461364476218365754662319318974510303667
53386595435550191614415946567612894506960826306765798459409044006306969194521
67574075312864354536380189978746755770713527376731417383713755063622995412903
4227390729130279710063276131805636900242811471402802764228461920298370486047
62202560058190654297510610963441459630778964023013130416986373656881333750207
66625728644382906625398020890563184812151792534017418558288071943942375708631
30576502414985443902801206214851390871902261790289024883605196479411398242209
19065338565102878703138721801537459974052652706930724181890858809548438520361
17967782015668156784878820275459362491769659301141499917761742971895008782447
16294499103179588025467682422772377095700154325509849660492239082018188339341
81624960814872323649050496752849687375877599880821421326263843958833634375123
17569344855586123185152724056219413318535787157729985050986867107214728374409
9621978394332033726954086267037075336740438944946368952201425776799181520079
52619136472655204109296131218548469072622531456691895431179358326226048522339
18540428320998379095493988753742121849014348369882318388575629237028878693953
2723367560304157955747596208918969062665291125622992449716955616377790944963
105877765013755762402882921900163210700340961291141169323545789339875279197113
83065474126036099293477353650608849865722670492282672721369840690056133613761
29185101967092320241584465203664092298633691932756483447033931636098962503277
7970021376436121816360614101034129811706116088750453139141033194589268908321
66411559402177229430060328346270667829573775566276281523090118440766286551387
84106750331633117206404756363486858479410464810574202595562117907567455658423
103452014721728020466277282922337950589432073880267907069463875532613363125563
51221946021407157638397884142416476576461488340727507057789561170005442824219
65979819014555002858974969569432414790125800532197519218202618985212844266813
67411330712140164874406295141432957184447453406761125738083498359170111172793
86547744252182376281372727800528318157372246491850051053096333969646839877631
8778311036647140676031334610008491941663753371469919875864368237425789722087
7534932259017544195739851484305024363553726304489386780548750891964136563171
32046998343018403896116563817625827590865767101810859792537284339521283002671
60243947457895974444763077980525843781336484891747593463325341769277128402627
48036838386260404842983355869775898236130459263223718620579466588288583833801
27498712179208758796223118248083226516309719426763691843007993237137090257099
87837033577577806452148311277539487407308833722761857990069246328325048624587
97623254909273043347489172039969611160927546874547328499275178383446834610367
47430191809376139101076606139314795343330184158346691022026408865300961400527
28735380399262925792275217007486623270148580143035218092915278276817785972017
92250686040682200505571112314950601424211544127449431522307989196794542717199
29540849458141413767144434721458796294668241984504557976421172579699216391027
100745205130207253095637444190451392679120166995294070079706327111937575644937
28855148823254465813917855723334030399442302957678461859870222346288412692941
95812611302216526682529642386588967472082838919236388863458966119167406607199
2854032909229566979382368190431883657335177583099881496506651762449875158471
75165115146145777412219330954567132800038523894136953157117877326834801399179
45730857552188835009281286975269981627642247936676764983499457343379050795591
46082027033926638557751513385858060658343421802262610368933674662316645361383
11089834794787700732210976588919014737406990746444910992431366521911516780833
63858366511605641760018662776896445733935486832728989209814686178012143143477
67317183423240480045468343550905130913361478044262851388400741775637891678989
66971210874740671998861154452793199957120242323303905561758774645668554607641
58819116018739004242813560290081719426110674072433599290229056751848404638303
9595551222795336994635967720035292976648895514243931242770382865420706005429
5025787508898331091971278607475570089175627312975594310714334283037662809643
17335062782978101348029971235689442713490597412952408251576352477449306844269
24304041379648495884496127021643438934314871678105110998863040643664223909801
27612819092702454169722373562628589032956656464040217582505527314465878468347
112400371279350521551534833714033713442177509622049546183151942587220617194889
946135995887606657408172331266489950208748900807176950119294757307504028561
29241479160861893784223414672459129191583653815674297423686726573551121496271
70419249965982860739783148252624300613800808830919964104494115674779038413733
52511017537169196045580156622106129470526594420771391262298782594227540796491
107678729131664089433902877389477260328448485669669854890905259548756664794453
60863909389062019021024566195421375959268755202092527801882204844995354203771
73400053738718646993778278963234504689138835623891108011519732885243550611717
39161861309440733321658118871478778302009894662238806347729128169301210033119
92382223502891243646470193869045546130561550381383039129812971555162004150407
17714492135475212703416752045850719287925023723032134822410123684652170914143
101626943030875112859330173245723407773130314226979956950944342855118839115803
90170291785206856299244016297353755370951066428515925770642885665117415717099
93748057679705008832918944047120639752930335844446479984116242398611738225851
31047057541977372426341524506273340232869163045308134399460407087042261888443
49741035462789280498134041609821211708784399816035356505398407914812186285349
24191602598567325816622279793373409355263865224446637333957706629243759947293
49881474505231710481671271964387374153057917368065117463805091391981700399823
72051652355370875437402393954999009187693371201192675910883035876841371453459
42969852099978291050173314855332010117573000295224426499918441815255933703801
61600484000690628309232436808974142283155600150600620752014607462460970321283
109707170989888062522715197018930222851707285567759766781241145050687216852583
100955229730169203057311120172286744489379161033651618739831518424013717032937
96650171853483284449104037191484709963032093621780252766307655338773968508393
10132931525549227940716486444532947997390842012036245076489566670070903918807
103891085269785810711237413580542782429501088425315398294539833414392249154081
83731867477343157523013655347489419786047065990836568182446403419465692722477
82845729432156407408959882090472523264669146169187381712137403355279012575509
81830762855994513879563588757997988932765774043138768101147613521518955759163
24847385588290962109104786158035178420938939806589761803176893215248097803183
113897811269957863657232553084741655108516532510075403838570777633093506630829
33662755015981943386270417238237759562257857696072208444205796304526678132959
93030255274039674354048175265897714625132012934971615942603159756936516407531
94047826429315310773893582777305639749969638092260147490714091608961758706007
102150961749993097421545914293786740811072846225333576648720610028289252415143
66356628916931004112185517319612904222270277817214700126672286952700580792269
74064088284862258768859534084216624846880643389718644537070977288258335225041
112943407508781230553643970055698956148483164783393239108555831888283292171407
21815947143323659173569006799662210752687246222291389381136064395752387597569
93417953160165809787690168414810906392041800765166036334078055166366588642289
38796130482726928554396252912693706302367469139346166418549045873509653950361
74630143788495020711909851910102844942621896284441313095369734820896333395569
46076438466106838845692820013049043286053219402858135078366353835481971597567
14766731441988423735012591541461323520384492707034633168409024843427690678651
86020037950509071658870621115728079726554085266948916070308078224597846823561
110393325566364494768216054450123409119426753953315688497495773431816507299673
51718349595622085287319057782575488143571179527930645217618888672112700668567
96692479112376305558201766534643993841188980548161293664680425202628418735281
66670422896169131345381583539414473904345872514090566956755363981861800106273
35459774658372157751260821208627609839435559610415319371390911598350314884449
115207914577873467732006568209838604088981673862701179313507300525937600702969
100381720430790474330668282325351834815784289646437202051813443944944223597133
85839798441342918292343532884038433071568995984441882201963559032182583851901
115567713403745013880233356186702045592881309623362113610975195986854929766369
61783800714690925849245168858984402174335991975759349972866781775732104724477
61166351565320110917593958743406190504893481465871950273679322335518930965077
70967939947418555818121730971553194099960593883635468623990966054602290231369
89101130971579658675983867792906085208392346906949770160501479509319271518803
81060911588395209949757585483607850179890374441168472478164782189017024600157
28926176522659300765779469049777935773599214938640761743112988228802547380343
21778626973649324973128960535540364833526232135990281165965092272811714084401
1083353736657960166449096570917974371704401087759819987576393961932224142399
77044041510558895318789589983494149421853199565772270842335274321393893341499
113081427197490262400007761857549768998320410435193035642061290362131680559363
68842805016524182060235041962501572909067580277329065781636995162965576564267
19434607950239526005014139677641396862827190143575136396045099704761609999301
18633138165091253236856994178973737419520584035119943344756934989752608421991
20250935596478596400594151751296538362826302103987584148024923578317583668529
36558310311575395998360973393780705454872595835001232750314206500304465992827
33270491113874708848169445535511788748437729488565253698073777109829322580227
25013716286835384047412403676761655147718541778609342876011369363967276029261
95521606774993104673210096012885322038047330321942841751080676914492321805257
73804670081774622559823355958178680309294264817002123321093239537149576410123
38345477902202851445161768903695923059533846846863642759417174043015125959663
104766366464500106896210539162141339355246548166646902542864713966226027785801
69364174332045001024597073567599051222945055198318080398561198989959693481077
24253529861390157881979769255463557932926565970753305826900989982484960412851
49566961096014690515009480795902070484897736570771908265880654134821474862351
84737192643826673051373839630091917877093241454325345795780059149683625745521
82866432820251795005099668018302269596109782780774723092908472220274981686309
24605807927071738428865895856479770800796722823995319025410755148835642290597
60615831412725504947782525156503969071294918246066032345010368240107788818189
65803464794566616468564735208161008917137116462473388305774466932837461852351
21830095291055722570350352737830590162137618415771574078369534870934021608467
67640984049755014424154481701709507482587514091255508130052313173712628324613
33290279744783163524778352956924574393706672422273369941835727180906509501039
80067969921417467465147167388077609969568892063522265334191257131982444006401
53377229662606052935889816817571303971221110869629714459361350614254566764927
93249483087868037943601536852174633941745088250123164775141174609072061930311
112423049592384295620502144549648323399293498043400897256736419713024026694937
48205246873996006516216687067558136627773902257075641130312865936090354367293
48454663337409323635777523954581344062984677612374290351162867095897654471573
54268887905503207274069268843527201113689782034125920511170450690365853103201
82789265970912565746305080072938268720931894039129526360463212323492467609211
14463262468896478857395119108952360857306297176324515157015659945549240219411
13750016960224127488380128878583548012460113158305987595814663626899273624963
45767177059626435797740294405011447859472536674169584071816722763090869782869
91527492633609783275905848191373156212711983170616552507366868189025528374333
28502638626659539495055776156174729196274161749075512825214004885001360731651
113974924407697327249677643285389295811445236428054283353852158248733830393303
18350313076225107865611188124242157302176207696409139737175146748422581791059
31353824295896074610841317937878092858103956059068919912643177227663623612617
75355473307351692354059037389276813007456555228365147198707234173320514092627
32669159261241100663389422051064091626219105641519353767249737978414759233199
57392637914981906161561619165683531291869664327779092748675684178971947103547
17856217471292171597012611878293031024575834804435070647486686529112151521121
61011596815380719387417934660379596285409325904379203351352605072006763749133
67215563820830694087219300531314471276671681747491347863243087346052619491989
51904525744972331560780438650490919217411819897140749498429341983105520299161
47893007532866935761329892187632132245334478133868955295190747232830657696103
31419980395221094553783084041861967921785564195627079034026023325682559963559
65528333079497971099860240250901276321725967102021116215329033081466467052689
8388147535965506741512463560307662299611756422734532880581059813769526672843
28804263897644128572139949352255045890145200595523233209128424231384023944859
58912602256029947296994839656026982470368785983465766429129153105346429403947
81885734175911744499332799143233423773970962714751017208437819704991820461671
66479283971568000787597572235278729394878005973637804932721934931350679538693
14929929424863322506633408892022141645764879373008844511261590799236983943873
105726227201319343713655105643749031085952091827050323612266529355647041758833
70396869079972270613403576991751079101193578368039224510836312708833696381811
69598112941542180302209520347543850146593287303441007362140865518662676556999
50786525923226011018985537548477828419268999723200593364308583488782079516789
14406394914102030423278730149960052258272192980408905478517377000416082562459
88339108430541588628651014488577621370437112135304776031747410629009928600399
107827563113459228596764364294330854482046858668569918212308620880250945971083
32572700704176379864987043935125996693816363901066057466961277353267977339177
103103504143948754794860327638665817930726872518579647866505050073182818633841
112600905088109866225750131710486428089125152672121033839804702713795075252893
85826141372489630304554425132848414568696548760443890831002675272636946973089
26053602309258791447175134840218667780936310516156062864674491632217032443823
77896231067738790561473443978563488105269124806241153396127209637894636233491
37447660195363354075721173185617897867033663023141538515310967617764276157981
113522679135445409319449767387846601958288295580955077901867063880279755462529
106145275359120106426076645723074081624184641895757023175469287147844226740669
58621494102935172243489521131103494483110708890092277452629387498088951582193
115770047630492199881025971054462969746613691797817335206500326458699013752949
58827059974089746861910062937010516753034398991054378222348857244255929236523
90172364545602900636802903896995903110485894092389152276071846643731220716671
72271150801672357991505040747728279261713082584544757336927030932048400569977
99480256785261712714611470765494363733278143694413659796123012712484714567423
67522417870580656053526349456922159571586183416520156200135230445789245601103
75882616328114658543089650747810158857907673740707520802033026530837813479559
58151473667658583646446202557379347840854730705175840518514078054939080809887
94842282088737262330136314802704667851206408020359635913299828948108720857321
96750437996374063843102785984137409656261532398706540544401996820811515778029
106900097274334373776881984730394451259762587652746518292872920651703073782633
91701609961151212606616782303069993360688902083451925838619668568513012127947
38480801514852367267671188489840445596925387016821834061607799327294195934487
36432456949569200790463190637230547342850561766899790621568519859688510046019
34146408228606964201050019506607211796703631692848576203012753048884399804129
72562888624134942400163277818914758349843701850681642214027425410705220723613
27778537033847456214171124213616592962713733253454800250001930789495542256731
105587086063824481561380317283582034543469780415564286165877403916410283228961
113239252247763724198998790337737352802099141894670229879962435772336535150013
102326413054748185223621766389987514012758452076780380871008671475784225369561
109242026218861238885243744224438245279653710909462027697530127417601339115153
45029977420977180344574879961670492329371721189044698196436561069122135051523
16133692843500137915646155291531712024868563225294208800123284545768680384239
32321957288457619508932548769309244355890419968127105991803876994406374434181
75366306106353441805068870656866367992890632139146007469992795545043239772479
8900408351418360277390445778208748611236398194278348744982144447923473540543
95012556885284377549004366838255447876362187014357390410510461910124174893627
74737162682037109224043005052315336588741375822421263475894785242891513405529
53996881409232780333959268846059844252706920737865446608051872971846327179139
112226463832573422178001609066359088692451588699768866721420516283557491773157
11651164315022530661106874132173127025877150853951278151414130533951505707289
7084475912923788259506344927113951528599816008832210151668323024241780037721
24394908408729933729011831218643620943150154392126752905052902517065557942281
14896505552490095624277029851497510484202054278466664067950423471039523028771
42722716785660205589438817466440610677357554967605347480016560998757320231161
106849529771149699671269871553368192661977333673987993095501296970614979045229
94245045407165431515044223722557171021997366774645149038275340284533124558969
54367445953266732742368351073805529382795734123234850147019798298936265467049
26199015195797764726130701554397602371250705178663989787581472892102586919667
86884480159689180035089622643401629695457495950470828093105287158604445784913
15738392557404046265056748740328208667629733774092401260098757966194210333391
60089283622728956503648122442341159973286398653021632933200083443547147502807
57525115827216022750058637121188274865926141073403401893752694494944373375517
3526242208440625988682207037676764556996118895033091701825557011805997452517
55324619772374050061234852005954515300024558287811300310243409050045614511273
107154383628816121703616714805161658419598879195290196032578146182317287742861
22570801145568427689262494086703093308353669556601820016163790971294946333141
67345362686878245074776861879139353478317045523806877594764908849338205426583
70814004428085671844972396757277458199535159241146157574390743320283826326613
13781843093637975323278965198770035425815406579346327212353737290458494247983
103580669553767435754224518035549290296998402269370027463924010285568108647557
84582002598896215114392672272966023749252632870424139566754717388738671407811
98502937146880143073855403483911264532528568036531726770909855554162218922847
29800456461120139748395494825046570655253724059213192107454460307333044707757
105406631741278021972766747981079302589777612374253205467973336831261771233127
44855121865412647718807266492324768347510557881700614776902099682187998120583
62651552589297599773158539833979179683839877316494565193059429867360870239619
8694626949623940384259444302704457722414374567909856943311262654641756213939
74629807191767090213895828425387184646626222735650189621133926633805006423329
6681680554865282280967628882264109549494073139672432409879515674785358867617
7502283664499791385457872981254073447120749831418034731097735331050355175273
37256142019015455883639841165450952519709880196304464553882506284933431684313
11789900271601980007440881824695263338790777840367786745126803105317968426493
115036245699740802039159304206649454478020204540403590545305804487663578918211
76154099881589001321834730969646413376085375438033770368062733602185389737653
15488417622720996335416383326970389489412280794626690083047159796375256259371
97670543163470787060961789777822551739006684601599442515928421162895216913339
22327048724970357604623778611621295711978098891857327785155352172521423344203
12398255707027161056880782657009674010389478046220183133584468732152412486207
78693640135558812035130930655781081250943399484494004501574831921975893712337
108928219119559411029824173179465537218137055237467682502482755446443973286979
18117814185730152985246542758499185472026680215283562188224466167123568145339
94461398501582393536985080003992904487085949726231683576750863728974008300399
97952462314724333397648687992087443076452168805456184412874420395576978664227
74092080231727453908924203831292191347139800693972772271619458483376245726637
96791638777029124696520651992479834547498234018257399634487394057401575375079
69806918349958002735888324460197154768275010816744889018207911267329510352631
57610052151210815983496775377032655280582302940810283741694351863240222570027
27551428216495392583640897893348224419233984630518841638255588581564569804889
29557982506655648082551640247138859083492490666437481591593978393057430103139
60412880403176475094170308079825691045989500417855701871312501041720680061763
14353618982434300312650395833965928481213179040842432795992074821389017890403
32933573565836850937439325485240151033286519297548896955798907806312106624793
114736295116378347314979402095657018202167822224863815949865310653857531914711
47158310848701569246479626702846724479621218979529811977038496626739397067529
35085026163654254402371300319920197503391475534062110810259341265230383952551
76346927462408771803374311014198211711220628697118629447365037207688948392743
105662779070791446360548520487080347625018362269705706303586089113381922514379
104530970741024803300522108311528148924631213926404791319983913714044056405721
114735992753275847616030093276889753865058722758429519973516614702250796596899
90067066606635244234641618240225889596090473708772459277495112740737318856163
83469177005148563724299984964504166895560201678132836693310277349736360200857
80389969375971324701875451271629186901256583728121827498379939605052908755683
68257771266344156946081581560339950418681396783147757291750448200628509698117
20457839148736345047485907668349757669971954800036264593389776993747293232089
114655264698445020592984939445329652007476788562330926179109769586547174596983
44941014961071309390848250604973319680803485086665959164923464371209410011957
98925894461146037041705357777928800296088120307069905723663694000938935703051
48567863826684851790564467394529098652221975672389512441006525826528884747831
68623022561659298002677755878792279612586442548400635112965794414436775470519
22910974650374615261040730974940283943650071705699399566255841737568577131081
6937263215761650380052462071761444371990315625253197490551185315995114563183
87272847829871063139773207351519058161952063695620559739393387298095922087597
96781576717943507899812974750244044714926749064065371358569016045795898341511
15016874169992968231117372355241615973318548031854487939667240009578785797063
47555355944861178794534298820874577772687533577835698653674732893554325250989
83102098960321639792856548920927643629761897892359476914390198895103968100867
49228245995697263217228398885467846011097634063974244378623236299131941369713
8299151607882729812994971043440114636686727793713546848225195760621765836951
52928973628374202661774708785634466160648812177345846094713360982110189959501
17663222081684279336106881459335631612674343641407700189026100660008920051957
88249465706156703741367746142536229127402501337587932052197291173871037731561
7713537555289789790593968075842987274829446635784765418902689206193331540941
222269296630932848447818049773588155663573867185186467318558762398344499787
20792311621815468336300095455040710914556340406432477555829249629097038962573
111651664006306832778199773356334681446540054649771361035733964288628027454541
1407659305059356395933512602723769775470396988342961168321539268915806554367
71177657015091675176374891545888895004885415807952752656676361466355658229477
98386772186719839413816100530756811817764360188326935097904026766654168181851
9960220762317092337738681629900122143599312460204267809346853468609519310447
60451829388918245835170963589376771876054326712386505433210221304443042594307
74391888999175099405366733427766843914606381215098893546396958761872042374273
83539632678832563868177420975119919974501713945908060813143737970790026368329
77348765781307890873255827914073992179656266607769895844677596541028426608483
79635541406613114469694242489741005100464646995054625354443571640656578670531
94720421747437339703278376054033616391978202357887178892882736823150175693637
82252025440276823513771176528854934663441265538462928310239104947874464225347
91974225422844195723840278479921330360525611815917125970695312525536108024461
6594442370076172675684063660652230379186611983297105162774493812268770334997
10970438825522604519049519610163132045301447518590080290403139459378216658191
69913604328819700102085962019282814931005235800767703909389766942835670007061
682142255710841219963801485874721658044117986092929299915894652057288405953
111846975186388056163783393830316909145050567326868965817356324819298751890703
8476262861371275716414200026056546326718112648577053986996561676925254662167
87114992779128978876236472240951205200907978684351528469967943336951233768329
93365375902547468007715211720970899031015034810866414763520249324793812556769
43864748709029046634123438444412009035963992682020902113445423469148561157339
13139216016584935407280277766646733660961173348893623692905486047404418583147
5100639636670242929583102959619341352922776819250190652488778987022902072131
21590354160595323240023974206514685293566478989571899215500520482227391881497
16460422605814926226166910971554497801754678242845285367831740509460127563263
47379649087082553735998688955709620484775583717925854489697898039658041121853
40682183107747271475824453306339214951741941035862217159956448266877478814741
110421388059109654128882943134524662913146089666642627978084967725647246434921
109706060825343303589402789971643691400678158914292098443439967811333031200491
35222514340153791407852508162936713831914597928425159380709866071010047657569
7564370535893916136962620698323816927367122513611187201212315851543993614011
62353609317402786384669428536461638347206059505283418336130974447091328563109
97698534008784275154979546178980982765450870325703257605043830474561892380377
112358554107037925033484947471098049239239685261393068935640797450117290123381
32602539997745551887520485090692566969824598266127853679658978932838354119133
36588633810634579518138776013801174470218060256032463275061222554234623092819
55733694703688983546866766732112452967338169243512292880262230216617639834269
90670514815175600413436233750301995359015160773416371076111560768571623781861
113281402288279929762990165612145836011175407178334303732600325109789645766339
17415900142504954260142386534083607933947391468990391040059934881541617030543
1678184082055588619199545777721995109372161615468936224743984620875284445697
77767706380637190042056776082438747429833518876484960786383419338188857617939
33541208786673192803668991384401237628392200485916500129268552588710175833759
56651195252664614345965865014371507478135461624886864243260771900362973458959
82669059856870651197848205000177073567391217154144378043713224938361361719793
6522907443607652025275105908465270978537228201477159835351871325659090826409
29293980487844229454999798857562401637972197872959238282050129904890999629307
53481124458178752299150187065872425640849957922741142071714340916590438661433
5894292498606801986217785894789539721362238679307880254794014985079869129011
37561205308378593956615264412544366055226014087735337400810718092879584451703
23751219245870313090276459760629308852348495462497883338415801539924134314023
94844338096659346648430008329110892424146118223595400440221427991147445777081
67725269749259484709750928221076528456926245722315087126494828097928649727003
62256428117353925486088090989024473568425703876717256570283454299995957267101
24567858506426878087232472195166802548537773586428727991570659761980207144333
98127041749243089192911106606627899269551247416658525312993862937030828171479
109203181483637300278529467804812648931247852386890472235859708369917218138343
76477887491656841061972641562655769570872747031019241453207456470788442020723
531511026100390211383311491120739172180997360797136763436682372551334554913
20332017902193039977770182330112863375456174633372368486976590215950737827189
73950905002290627537537639961322020218199887529010370840778335486469401884543
101846533580311798256226706773243941815942038788234672881157913745104114105347
68834995288753492160294660082056986293023430703297422011579467700854918188797
47675249693852177423953237423643456463079125325634851864983505265277800145881
68865733511193012167849613614458259069919449914571043872776125731355161382881
107560874315165312857325043817040936971075763326564158650594264471142484302623
44837673677251252849401370811098922095863358638326787870896229384942135344111
30994868336764753033385637781781156694106205470039613877919129943185731862601
97046187248321302563696665893390063734978233451535579090538023991664029577157
50613267559934244592110149808895258620600259244576724743229365324625572520641
79262740419667664177938984116432417643917697105751128792795170288266293565663
41972362224817513614676371424763999349628108483482000623944591609256022144641
63874696388315561999343895368922465921882686641937070055425980046789901402801
53132180532972673166975400614904873506195566461742244843527851776953944380657
97837181304707695960158676999451987913579116918390205513355167440684367707699
43451540032517920221762070818267222806552609778425647080714503670551794767859
109715881439803185817505166372412249838111194910631326851089124204884030651557
1316819229456509939826455409748704463204450973946246210107602035915506639267
7346307088874321741434605319703093106430665434906623261941109727645983735481
97202640658670346460226281333153871140472846041530321727807187333377094288357
39742113230390447761701092105749544749979666636704636241187296234168923131749
98274291216773201332800350949302374054955589658047794184326217643192318911091
59230451078224017295377330603373726683899242225738106523401809218456264249701
49813976464745814964376975176745128136299525414223604673397681813131452997591
98294761159244702229606980742841702756820218863666489137903721888421247941043
44353951635916409251922312413028679258550136639158736959542116047245196365947
80043832394676281836035939322241618857415795520288300582928180057627691834647
9145805985597440775463839975545867451214730764872211461315937116447711649963
33359919188943878690368342447390182525760149721709715932681259857342923302623
15044002650375484890538545008873212736019755372381461069815291005418561112001
104735550276311832245788074591566888615923789531971053638857086759546053491617
37658092026500672128757042356495248469896457064453160972372963640561663161953
13963527230585238323979989424808395386775008671308678786584479638622904204549
60487769338358838065163116523409011218886807664605962423630158048756732795231
76957925787286835046838517311272194463286622556360358258460108096456402475697
54150212569031529122914726987546982000492232623494379126333801312842540523081
99578948358786237885580747067837825381967220604724028094813291541221004829363
39755584793656952118343884273134553308118300502861856191890693779342513792393
7684542437218627361614890111216988709560744506163613508842252196632925848323
42088406855906165081131879591757695321033624732672112064899949498216824790089
81887986246396813313605294264075421558215214205485597378705529181702334413997
94032773823589679987739013635655035624686399964764800102370522996453702892713
94424458853931034902035423919695813607148039500984089714751265631302993658723
80576680512960570674438339533799365761818411594515792901075922971689279184269
27614194336489016045862905807246816572721893753263683504409899927112197087147
44581338493726721302037494499909289233904246327730274731964204706084099925487
37878028462411695058876369588783976960998430997302398544747784920694054693097
89005308286239619569433390280834526086434214476630707168292093774883477810153
37278361771118861696193484425389200419039853639745909172779447578002550405177
62278009157747853390635750223508418800272687842711713749866123712688751525693
79993486482157990804880819346031160223737013945598445338539141554880590707019
88603748067114835603733695971163302890955928084337062986905576389892898918437
62048335851328935349675009786183800273064016239607844836416029668174957760683
57950483817026332356619237796839340680573401888432480951624642217156873026823
23879268178113492931426552100771186970180374832046651490712434655223243660241
103390408050867637853863564226958244743248390308772082106477423437794161633109
112479097944920107176739973462095504745240374453012935560290302763751045353063
109385130215104583395332163708497853205975247085873630109689922060404494835207
10616628937044998767137319110213491521736551082095176037516613718766856912779
59199262070842337233012173602854632438546425906391952381393225788140185606361
61404740404078318768466656988486083357345407865749948660878459111966089813789
32010626043868591678225963128085492644960938050950756641434643131352966097601
63214606224492386850600506533320737356023755469354446164074823133550219530867
71914538989603055755109782874427998439911457293511910013448607663103649853897
9979167265374048354358313051423998348524501326025309046906557001739019141283
24989305330412950753529287961426439734229978090153528440971802098281879592927
3651122249335573771410591572477927199835987869934326568368355193668954802159
42707526654297651863938295674853054921257461294193236691124729788362234279743
5070541476471792081822975147793803688307300354633359066814817435455230240597
27078769973031465007085672149255416396651670336743527213762759647717861349353
30170736855403103963016638013040395706400097046962511253503336714778155711001
22499170310636806455651345699273128789477569471452605641771825194847013621803
90990553512514878284874770285661136785859695454206157679200681001452363061467
72534740376591048889709115694427575986252145864788855826786575984253266895171
53421091675984046641483793982459442799338202844541847582360798474645890697143
115273722490358300320510577129875494396734647853807120375242607537380643374987
20226095400531175524264569780918316512794510684353320438643986028680078530301
74976800047480958746451115985060743450308506212581521590769576134226056499337
39623340276897152526613831112153318027501076122831415357288554412415795331339
6662540017042742156407040820891123774204555636384379114336078023291791814779
69994664510792108455231969243513060276209461874224411824025822077812640919959
11840602469284182963642556244059589160104587059930733081414035032157865595891
84846010223511673887285805717301687635172015487688062661346422838493487011053
22335187210394618016717227255373758472496092383402623963634493274208002014397
68080489383181109708446913769556379947841794130233287821881267490272822435687
47306453977762315738468561120826397246422491494308641717283472169251082841923
11461946038483881543272551070832444471784507778893027372509688668172053532919
45655581366182292739919916155671175914651005893501002384871485640604740997283
14474261451795107838433975761337626465541235893360168456324754040026636855767
76806602787401297892353091474408018722524266754290896732615985661026630565841
43920655186967074601902508765823786640115294338023800327395387115205322640089
54411151593634179175041619167400885361420851802910150710506599557820813055847
104519918776073034559701759105318848962203294283858534218613824063100289307887
431877071759569528154340365217826033156914517514391016336426411163506047331
107214314232486757264223019981534151135463578289251688043194540858448404243777
15528508924333664595088138949209934195082611327988346515269878719666581792939
97472310860925295396930957064954909910891221310511587553888075671618194618693
74135223017160164451169520938445844856193943845550486363569555474723398063801
113692832632428512528918458770843557662982323394577450586367611699765783000459
50935236513637664943847755767562928308279669128300938785797294320283054979767
2771500945705982083386050643018397528102453547399676441158305543774510308347
72442228534851805054600715391684709533132451182651313923166755100850077555433
97164255357262425582980851538081858413845529544256536048310730754834376107683
7898081660842019555151011748764072292780404479171922141128143882055514049323
10144801048730539102684379852455207585349752339056068157569462619076206970049
